Run semi-empirical minimization
 &qmmm
    qm_theory='AM1', grms_tol=0.0005,
 scfconv=1.d-10, ndiis_attempts=700,   qmcharge=0,
 /
   8    O1        8.7460        0.9600       20.7160 
   6    C1        8.2450        0.0160       21.3490 
   7    N1        8.9640       -0.6900       22.3100 
   6    C2       10.2830       -0.2420       22.6210 
   6    C3       10.4360        0.9120       23.3920 
   6    C4       11.7170        1.3740       23.6700 
   6    C5       12.8260        0.6920       23.1860 
   6    C6       12.6600       -0.4680       22.4380 
   6    C7       11.3900       -0.9470       22.1450 
   7    N2        6.9140       -0.3890       21.1280 
   6    C8        6.2430        0.1830       20.0220 
   6    C9        5.0860        0.9600       20.1900 
   6   C10        4.5160        1.5560       19.0310 
   6   C11        5.0850        1.3380       17.7620 
   7    N3        6.1670        0.5680       17.6190 
   6   C12        6.7360        0.0090       18.7320 
   1    H1        8.6400       -1.5650       22.7140 
   1    H3        9.5620        1.4540       23.7710 
   1    H4       11.8420        2.2870       24.2620 
   1    H5       13.8300        1.0830       23.3700 
   1    H6       13.5370       -1.0010       22.0580 
   1    H7       11.2630       -1.8510       21.5400 
   1    H2        6.3510       -0.8390       21.8490 
   7    N4        3.4070        2.2940       19.4310 
   1   H11        4.6870        1.8210       16.8630 
   9    F1        7.7440       -0.6490       18.5010 
   6   C14        4.2940        1.3590       21.3060 
   1   H14        4.4670        1.0830       22.3400 
   6   C13        3.2930        2.1860       20.8210 
   1   H13        2.4970        2.7000       21.3750 
   1   HN4        2.9120        2.9480       18.8340 

