Run semi-empirical minimization
 &qmmm
    qm_theory='AM1', grms_tol=0.0005,
 scfconv=1.d-10, ndiis_attempts=700,   qmcharge=0,
 /
   8    O1        9.3680        1.1120       21.0320 
   6    C1        8.8120        0.3220       21.7270 
   6    C2        9.3520       -0.1440       23.0660 
   6    C3       10.8670       -0.0690       23.1260 
   6    C4       11.5080       -1.0370       22.1340 
   6    C5       12.7630       -1.7020       22.6880 
   6    C6       13.5520       -0.8480       23.6720 
   6    C7       12.7110       -0.1420       24.7310 
   6    C8       11.2210       -0.3910       24.5640 
   7    N1        7.5600       -0.2470       21.3550 
   6    C9        6.9510        0.1800       20.1360 
   6   C10        5.7070        0.7820       20.2730 
   6   C11        5.0950        1.2170       19.1050 
   6   C12        5.7610        1.0320       17.9010 
   7    N2        6.9560        0.4630       17.8400 
   6   C13        7.5800        0.0350       18.9160 
   1   H22        9.0440       -1.1770       23.2290 
   1   H23        8.9340        0.4810       23.8550 
   1    H3       11.1870        0.9470       22.8950 
   1   H42       10.7830       -1.8120       21.8860 
   1   H43       11.7680       -0.4920       21.2260 
   1   H52       13.4160       -1.9460       21.8500 
   1   H53       12.4750       -2.6280       23.1850 
   1   H62       14.2670       -1.4940       24.1830 
   1   H63       14.1050       -0.0950       23.1110 
   1   H72       13.0160       -0.5010       25.7140 
   1   H73       12.8980        0.9300       24.6740 
   1   H82       10.6580        0.2530       25.2390 
   1   H83       10.9950       -1.4360       24.7750 
   1    H1        7.1130       -0.9380       21.9410 
   6   C16        4.9850        0.9590       21.4830 
   7    N3        4.0000        2.0910       19.1480 
   1   H12        5.2910        1.3620       16.9860 
   1   H13        8.5580       -0.4180       18.8470 
   6   C14        3.2110        2.1410       20.2800 
   7    N5        3.7350        1.6250       21.4720 
   1   H14        2.3500        2.8000       20.2600 
   1   H16        5.3960        0.6290       22.4320 

