Run semi-empirical minimization
 &qmmm
    qm_theory='AM1', grms_tol=0.0005,
 scfconv=1.d-10, ndiis_attempts=700,   qmcharge=0,
 /
   8    O1        9.0980        0.7170       20.8630 
   6    C1        8.5440       -0.2000       21.3730 
   7    N1        9.1810       -0.9260       22.4450 
   6    C2       10.4660       -0.4470       22.8510 
   6    C3       10.5000        0.3870       23.9490 
   6    C4       11.7040        0.9000       24.3650 
   6    C5       12.8650        0.5840       23.6730 
   6    C6       12.8230       -0.2500       22.5690 
   6    C7       11.6120       -0.7630       22.1470 
   7    N2        7.2370       -0.6260       20.9410 
   6    C8        6.5590        0.0580       19.8740 
   7    N6        5.3530        0.6830       20.1520 
   6   C10        4.7260        1.3390       19.1050 
   6   C11        5.3210        1.3050       17.8490 
   7    N3        6.4720        0.7100       17.6440 
   6   C12        7.1030        0.0840       18.6020 
   1    H1        8.7450       -1.7250       22.8830 
   1    H3        9.5900        0.6340       24.4760 
   1    H4       11.7470        1.5480       25.2280 
   1    H5       13.8100        0.9930       23.9990 
   1    H6       13.7320       -0.4980       22.0410 
   1    H7       11.5620       -1.4030       21.2780 
   1    H2        6.7930       -1.4130       21.3920 
   7    N4        3.5850        1.9600       19.5610 
   1   H11        4.8220        1.7820       17.0190 
   1   H12        8.0430       -0.4100       18.4020 
   6   C14        4.6060        0.9730       21.3470 
   1   H14        4.8880        0.7670       22.3710 
   6   C13        3.5600        1.8150       20.9590 
   1   H13        2.8540        2.3810       21.5510 

