Run semi-empirical minimization
 &qmmm
    qm_theory='AM1', grms_tol=0.0005,
 scfconv=1.d-10, ndiis_attempts=700,   qmcharge=0,
 /
   8    O1       -0.8180        0.0090       -0.7470 
   6    C1       -0.2300       -0.0380        0.3240 
   7    N1        0.2100        1.0780        1.0150 
   7    N2        0.0600       -1.1890        1.0350 
   6    C2        0.3280        2.3770        0.5480 
   6    C3       -0.3430       -2.5010        0.7140 
   7    N3        0.5740        2.7380       -0.7890 
   6    C4        0.2460        3.3950        1.4400 
   6    C5       -1.4260       -2.7880       -0.1190 
   6    C6        0.3610       -3.5580        1.3030 
   6    C7        0.6630        4.0710       -1.1320 
   6    C8        0.8660        2.0520       -1.9430 
   7    N4        0.3310        4.7450        1.1390 
   6    C9       -1.7880       -4.1140       -0.3760 
   6   C10       -0.0010       -4.8830        1.0450 
   7    N5        0.9130        4.2710       -2.4060 
   6   C11        0.5200        5.0670       -0.1110 
   6   C12        1.0330        3.0070       -2.9220 
   6   C13       -1.0750       -5.1610        0.2040 
   1    H1        0.2270        0.9570        2.0180 
   1    H2        0.7500       -1.1010        1.7660 
   1    H3        0.0710        3.1960        2.4950 
   1    H4       -2.0140       -1.9980       -0.5780 
   1    H5        1.2050       -3.3690        1.9610 
   1    H6        0.9260        0.9760       -1.9880 
   1    H7       -2.6300       -4.3250       -1.0310 
   1    H8        0.5570       -5.6980        1.5000 
   1    H9        0.5880        6.1290       -0.3950 
   1   H10        1.2520        2.8450       -3.9700 
   1   H11       -1.3580       -6.1900        0.0000 

