Run semi-empirical minimization
 &qmmm
    qm_theory='AM1', grms_tol=0.0005,
 scfconv=1.d-10, ndiis_attempts=700,   qmcharge=0,
 /
   8    O1        1.0910        0.2280       -0.2310 
   6    C1        2.2770        0.0330       -0.0040 
   7    N1        2.9120       -1.1860       -0.1990 
   6    C2        2.3120       -2.3460       -0.6730 
   6    C3        1.1780       -2.3810       -1.4150 
   7    N2        0.5460       -3.5340       -1.8660 
   6    C4        1.0740       -4.6810       -1.5390 
   6    C5        2.2790       -4.7560       -0.7670 
   7    N3        2.8800       -3.5900       -0.3630 
   6    C6        3.9900       -3.9630        0.3560 
   6    C7        3.9780       -5.3430        0.3560 
   7    N4        2.9120       -5.8320       -0.3540 
   7    N5        3.1480        0.9720        0.5230 
   6    C8        2.7610        2.2130        1.0800 
   6    C9        1.4610        2.4730        1.5250 
   6   C10        1.1320        3.7130        2.0770 
   6   C11        2.1020        4.7030        2.1940 
   6   C12        3.4050        4.4490        1.7690 
   6   C13        3.7360        3.2060        1.2220 
   1    H1        3.7800       -1.2920        0.3060 
   1    H2        0.6730       -1.4680       -1.7200 
   1    H3        0.5890       -5.6160       -1.8620 
   1    H4        4.6670       -3.2560        0.8080 
   1    H5        4.6840       -6.0100        0.8350 
   1    H6        4.1230        0.8680        0.2850 
   1    H7        0.6790        1.7210        1.4680 
   1    H8        0.1140        3.8980        2.4140 
   1    H9        1.8410        5.6700        2.6180 
   1   H10        4.1610        5.2250        1.8580 
   1   H11        4.7570        3.0380        0.8940 

